6
15
-1 11000001
-1 21011
-1 3001
-1 1233
-1 521
-1 364
-1 301
-1 234
-1 193
-1 166
-1 141
-1 11B
-1 DB
-1 CD
-1 C1
15
-1 11000001
-1 21011
-1 3001
-1 1233
-1 521
-1 364
-1 301
-1 234
10 193
-1 166
-1 141
-1 11B
-1 DB
-1 CD
-1 C1
15
-1 11000001
-1 21011
-1 3001
-1 1233
-1 521
-1 364
-1 301
-1 234
10 193
-1 166
-1 141
-1 11B
14 DC
-1 CD
16 C1
15
-1 11000001
-1 21011
-1 3001
-1 1233
-1 521
-1 364
-1 301
-1 234
10 193
-1 166
-1 141
13 11B
-1 DC
-1 CD
16 C1
20
-1 1
-1 1
-1 1
-1 1
-1 1
-1 1
-1 1
-1 1
-1 1
-1 1
-1 1
-1 1
-1 1
-1 1
-1 1
-1 1
-1 1
-1 1
-1 1
-1 1
